function F = sistemaecuacionespunto3(c)

    %%%%%%%%%% Caso m=5

    c00 = c(1);
    c01 = c(2);
    c02 = c(3);
    c03 = c(4);
    c04 = c(5);
    c05 = c(6);

    F = [c00 + 3*c04 - 3^(1/2)*c01 + 5^(1/2)*c02 - 7^(1/2)*c03 - 11^(1/2)*c05;
         3.4641*c01 - 13.416*c02 + 31.749*c03 - 60.0*c04 + 99.499*c05 - 1.0;
         3.0*c00 - 3.7302*c01 + 29.058*c02 - 92.33*c03 + 121.07*c04 - 3.4583*c05 - 1.0*(c00 - 1.0011*c01 + 0.0025178*c02 + 1.0166*c03 - 1.1685*c04 + 0.32453*c05)^2 - 0.16675;
         3.0*c00 - 1.6779*c01 + 26.626*c02 - 2.1688*c03 - 85.623*c04 - 1.925*c05 - 1.0*(c00 - 1.118*c02 + 1.125*c04)^2 - 0.2652;
         3.0*c00 - 0.42402*c01 + 27.123*c02 + 50.233*c03 - 16.068*c04 - 152.96*c05 - 1.0*(c00 + 0.5889*c01 - 0.7303*c02 - 1.0894*c03 - 0.0001059*c04 + 1.0924*c05)^2 - 0.27295;
         3.0*c00 - 3.5904*c01 + 28.754*c02 - 85.792*c03 + 93.195*c04 + 46.165*c05 - 1.0*(0.93184*c01 - 1.0*c00 + 0.14721*c02 - 1.1051*c03 + 1.0317*c04 + 0.0037746*c05)^2 - 0.17807];


    %%%%%%%%%% Caso m=6

    % c00 = c(1);
    % c01 = c(2);
    % c02 = c(3);
    % c03 = c(4);
    % c04 = c(5);
    % c05 = c(6);
    % c06 = c(7);
    % 
    % F = [c00 + 3*c04 - 3^(1/2)*c01 + 5^(1/2)*c02 - 7^(1/2)*c03 - 11^(1/2)*c05 + 13^(1/2)*c06;
    %      3.4641*c01 - 13.416*c02 + 31.749*c03 - 60.0*c04 + 99.499*c05 - 151.43*c06 - 1.0;
    %      3.0*c00 - 3.7302*c01 + 29.058*c02 - 92.33*c03 + 121.07*c04 - 3.4583*c05 - 246.79*c06 - 1.0*(c00 - 1.0011*c01 + 0.0025178*c02 + 1.0166*c03 - 1.1685*c04 + 0.32453*c05 + 0.79649*c06)^2 - 0.16675;
    %      3.0*c00 - 1.6779*c01 + 26.626*c02 - 2.1688*c03 - 85.623*c04 - 1.925*c05 + 188.62*c06 - 1.0*(c00 - 1.118*c02 + 1.125*c04 - 1.1267*c06)^2 - 0.2652
    %      3.0*c00 - 0.42402*c01 + 27.123*c02 + 50.233*c03 - 16.068*c04 - 152.96*c05 - 119.88*c06 - 1.0*(c00 + 0.5889*c01 - 0.7303*c02 - 1.0894*c03 - 0.0001059*c04 + 1.0924*c05 + 0.74035*c06)^2 - 0.27295;
    %      3.0*c00 - 3.5904*c01 + 28.754*c02 - 85.792*c03 + 93.195*c04 + 46.165*c05 - 268.14*c06 - 1.0*(0.93184*c01 - 1.0*c00 + 0.14721*c02 - 1.1051*c03 + 1.0317*c04 + 0.0037746*c05 - 1.0373*c06)^2 - 0.17807;
    %      3.0*c00 + 1.8887*c01 + 31.323*c02 + 151.35*c03 + 459.42*c04 + 1047.4*c05 + 1948.1*c06 - 1.0*(c00 + 1.6151*c01 + 1.7984*c02 + 1.6622*c03 + 1.266*c04 + 0.68228*c05 + 0.000016566*c06)^2 - 0.25835];

end