function F = sistemaecuaciones(c)

    %%% Caso m=2 
    c00 = c(1);
    c01 = c(2);
    c02 = c(3);

    F = [c00 - 3^(1/2)*c01 + 5^(1/2)*c02 - 1;
        3.4641*c01 - 13.416*c02 - 1.0;
        3.4924*c01 - 0.044521*c00 + 17.913*c02 - 1.0*(3.4641*c01 - 7.7547*c02)*(c00 - 1.0011*c01 + 0.0025178*c02) + (3.4641*c01 - 7.7547*c02)^2 - 2.355];

    %%% Caso m=3
    % 
    % c00 = c(1);
    % c01 = c(2);
    % c02 = c(3);
    % c03 = c(4);
    % 
    % F = [c00 - sqrt(3)*c01 + sqrt(5)*c02 - sqrt(7)*c03 - 1;
    %      3.4641*c01 - 13.416*c02 + 31.749*c03 - 1.0;
    %      3.4924*c01 - 0.044521*c00 + 17.913*c02 - 82.084*c03 - 1.0*(3.4641*c01 - 7.7547*c02 + 5.3213*c03)*(c00 - 1.0011*c01 + 0.0025178*c02 + 1.0166*c03) + (3.4641*c01 - 7.7547*c02 + 5.3213*c03)^2 - 2.355;
    %      3.2476*c01 - 0.25*c00 + 20.194*c02 + 2.2737*c03 + (3.4641*c01 - 7.9373*c03)^2 - 1.0*(c00 - 1.118*c02)*(3.4641*c01 - 7.9373*c03) - 2.4035];
    %%%%%%%%%%% Caso m=5

    % c00 = c(1);
    % c01 = c(2);
    % c02 = c(3);
    % c03 = c(4);
    % c04 = c(5);
    % c05 = c(6);
    % 
    % F = [c00 + 3*c04 - 3^(1/2)*c01 + 5^(1/2)*c02 - 7^(1/2)*c03 - 11^(1/2)*c05 - 1;
    %      3.4641*c01 - 13.416*c02 + 31.749*c03 - 60.0*c04 + 99.499*c05 - 1.0;
    %      3.4924*c01 - 0.044521*c00 + 17.913*c02 - 82.084*c03 + 119.33*c04 - 14.191*c05 + (3.4641*c01 - 7.7547*c02 + 5.3213*c03 + 5.7344*c04 - 16.583*c05)^2 - 1.0*(3.4641*c01 - 7.7547*c02 + 5.3213*c03 + 5.7344*c04 - 16.583*c05)*(c00 - 1.0011*c01 + 0.0025178*c02 + 1.0166*c03 - 1.1685*c04 + 0.32453*c05) - 2.355;
    %      3.2476*c01 - 0.25*c00 + 20.194*c02 + 2.2737*c03 - 80.408*c04 - 14.844*c05 - 1.0*(c00 - 1.118*c02 + 1.125*c04)*(3.4641*c01 - 7.9373*c03 + 12.437*c05) + (3.4641*c01 - 7.9373*c03 + 12.437*c05)^2 - 2.4035;
    %      2.6788*c01 - 0.4489*c00 + 18.315*c02 + 57.124*c03 - 11.779*c04 - 172.86*c05 + (3.3495*c03 - 4.5616*c02 - 3.4641*c01 + 11.173*c04 + 4.201*c05)^2 + 1.0*(3.3495*c03 - 4.5616*c02 - 3.4641*c01 + 11.173*c04 + 4.201*c05)*(c00 + 0.5889*c01 - 0.7303*c02 - 1.0894*c03 - 0.0001059*c04 + 1.0924*c05) - 1.9753;
    %      3.4925*c01 - 0.053361*c00 + 18.226*c02 - 76.901*c03 + 93.214*c04 + 34.586*c05 + 1.0*(3.4641*c01 - 7.218*c02 + 3.5497*c03 + 7.8593*c04 - 16.08*c05)*(0.93184*c01 - 1.0*c00 + 0.14721*c02 - 1.1051*c03 + 1.0317*c04 + 0.0037746*c05) + (3.4641*c01 - 7.218*c02 + 3.5497*c03 + 7.8593*c04 - 16.08*c05)^2 - 2.3788];

    
end
